0.000000000000000000e+00
4.306640625000000000e+01
8.613281250000000000e+01
1.291992187500000000e+02
1.722656250000000000e+02
2.153320312500000000e+02
2.583984375000000000e+02
3.014648437500000000e+02
3.445312500000000000e+02
3.875976562500000000e+02
4.306640625000000000e+02
4.737304687500000000e+02
5.167968750000000000e+02
5.598632812500000000e+02
6.029296875000000000e+02
6.459960937500000000e+02
6.890625000000000000e+02
7.321289062500000000e+02
7.751953125000000000e+02
8.182617187500000000e+02
8.613281250000000000e+02
9.043945312500000000e+02
9.474609375000000000e+02
9.905273437500000000e+02
1.033593750000000000e+03
1.076660156250000000e+03
1.119726562500000000e+03
1.162792968750000000e+03
1.205859375000000000e+03
1.248925781250000000e+03
1.291992187500000000e+03
1.335058593750000000e+03
1.378125000000000000e+03
1.421191406250000000e+03
1.464257812500000000e+03
1.507324218750000000e+03
1.550390625000000000e+03
1.593457031250000000e+03
1.636523437500000000e+03
1.679589843750000000e+03
1.722656250000000000e+03
1.765722656250000000e+03
1.808789062500000000e+03
1.851855468750000000e+03
1.894921875000000000e+03
1.937988281250000000e+03
1.981054687500000000e+03
2.024121093750000000e+03
2.067187500000000000e+03
2.110253906250000000e+03
2.153320312500000000e+03
