0.91,1.08,0.23,0.44,1.72,0.70,0.85,0.35,1.23,0.18,0.09,0.22,0.06,0.02,1.12
2.27,1.18,2.87,2.30,1.98,1.28,0.84,1.45,2.49,2.16,1.30,1.33,0.62,1.38,0.69
3.41,2.55,4.35,2.09,2.98,4.66,5.16,2.77,4.15,2.13,3.15,3.04,3.12,2.97,0.48
1.75,2.76,3.11,2.65,3.24,4.03,6.17,2.49,3.22,4.51,1.93,1.40,3.66,3.84,0.25
2.30,0.27,1.38,1.24,2.18,1.54,2.44,0.91,1.05,4.42,0.58,2.00,1.41,3.84,0.60
0.82,1.60,1.41,1.15,1.99,0.78,0.60,1.14,0.14,3.39,1.57,2.78,1.01,2.36,2.73
1.14,0.85,0.49,1.18,1.93,0.80,1.08,0.42,0.18,1.64,1.31,1.37,0.85,0.97,1.65
1.90,2.30,2.04,0.70,2.64,1.95,2.00,0.90,0.44,3.16,2.26,0.86,1.87,2.04,2.26
2.88,2.56,1.90,1.38,1.51,2.48,1.44,1.81,0.51,3.42,2.29,0.54,1.84,1.39,2.47
1.82,1.12,0.63,0.46,0.55,2.16,0.39,1.63,1.28,1.59,1.17,0.90,0.78,1.00,0.88
1.50,1.58,0.91,1.14,1.47,1.97,1.11,0.50,0.23,0.44,1.08,1.62,0.66,1.38,1.31
0.95,1.22,1.86,0.31,0.97,1.79,0.89,0.93,1.18,0.67,0.47,1.00,0.60,1.10,0.94
2.74,1.57,3.45,3.53,3.49,3.78,2.27,3.21,3.18,2.16,1.85,1.90,2.77,3.60,1.35
2.88,2.17,2.56,4.17,3.47,3.72,2.34,3.57,2.87,2.43,2.28,2.76,2.69,3.83,1.88
1.79,0.58,0.71,2.02,0.76,0.52,0.68,1.92,0.80,0.51,1.94,2.07,1.55,0.86,0.99
2.71,1.15,0.57,1.66,1.28,1.29,0.43,1.42,1.62,2.36,2.42,2.49,2.84,2.76,2.46
4.25,2.36,2.49,2.57,3.09,3.02,1.73,3.12,2.98,3.63,1.67,1.19,2.31,3.48,2.57
9.99,10.28,9.63,8.63,9.34,9.30,8.42,9.48,8.69,9.84,9.35,7.45,6.30,8.73,8.44
9.65,10.87,9.24,8.96,9.16,9.59,8.91,10.18,8.58,10.74,10.75,8.63,8.17,8.98,8.76
1.71,3.31,2.88,1.17,1.39,4.52,2.56,2.28,0.42,4.60,4.81,0.26,2.82,4.97,3.73
2.03,2.06,2.72,1.87,2.86,4.10,3.84,3.38,2.47,3.38,5.70,4.14,5.51,6.79,4.46
1.11,0.28,1.02,2.27,3.31,1.17,2.08,2.11,2.34,1.61,4.29,3.36,3.23,2.70,3.08
7.97,8.64,7.60,8.81,7.82,7.60,8.18,8.43,8.63,8.09,8.53,10.52,6.72,6.98,8.41
8.40,9.27,8.40,8.66,8.18,7.73,8.84,10.09,10.04,10.15,11.89,11.27,8.47,7.95,9.02
6.35,4.77,7.96,7.84,6.01,9.30,9.15,9.08,4.30,7.55,11.40,7.61,6.84,6.63,10.54
14.62,13.27,13.76,14.03,14.86,17.84,16.91,17.61,15.73,16.63,17.83,15.33,18.75,18.38,18.41
10.49,4.52,4.80,9.71,11.19,8.04,7.68,12.85,11.17,8.26,9.80,10.77,12.18,7.94,9.53
18.14,18.50,18.68,16.68,19.71,16.41,16.15,16.92,16.28,15.55,16.29,15.50,16.61,17.62,18.83
18.21,19.21,19.31,18.26,20.02,17.72,18.12,18.01,18.80,19.42,20.35,17.05,20.44,21.60,21.87
13.13,9.14,15.21,19.69,14.60,11.44,12.39,16.09,9.43,4.24,15.13,11.89,8.47,6.59,15.36
28.22,28.35,29.35,29.90,30.18,31.44,27.41,27.12,26.44,24.05,24.88,23.48,26.45,25.22,24.26
12.45,12.80,19.97,19.82,14.34,14.09,17.98,19.43,16.41,13.67,16.20,16.27,14.18,13.45,14.33
16.13,14.04,20.21,20.80,17.91,14.69,15.11,14.10,9.49,10.36,13.22,12.74,11.53,10.18,9.90
15.16,14.01,21.07,20.38,19.24,17.35,15.10,15.00,13.92,14.33,13.15,16.98,15.45,14.67,9.84
29.59,25.37,35.76,28.94,25.48,25.66,33.72,31.07,28.01,24.31,36.00,37.46,29.52,24.15,30.71
63.16,60.34,61.17,59.15,60.06,64.52,69.01,68.65,72.58,72.62,80.21,81.29,77.74,75.14,70.98
42.90,36.58,25.64,31.44,34.96,35.13,35.01,40.99,48.36,47.03,49.44,53.07,50.26,45.53,40.14
39.40,30.68,27.56,30.60,27.07,21.39,26.11,27.86,29.48,24.09,16.75,22.57,27.71,30.89,34.90
37.42,33.59,25.58,31.15,34.46,28.63,26.30,31.96,35.95,31.49,20.80,31.13,35.79,43.51,38.57
56.72,53.38,58.44,60.12,41.91,45.78,52.63,48.08,38.14,35.38,42.74,54.90,35.34,39.14,53.75
123.91,126.14,112.79,111.22,113.54,116.88,115.88,108.79,116.34,112.65,111.22,123.09,116.69,116.58,112.40
52.72,63.77,68.43,67.34,53.48,54.16,80.10,72.96,70.05,69.74,83.24,88.10,73.10,71.15,73.17
53.39,55.54,63.89,68.09,64.76,58.58,60.75,52.62,51.34,47.48,56.73,48.79,33.83,34.38,35.94
54.75,61.13,66.38,72.42,73.18,64.12,64.33,62.46,71.07,67.49,62.78,55.15,46.99,48.47,47.69
47.78,45.90,29.76,23.05,45.54,47.68,26.30,22.39,52.09,45.09,20.26,24.07,40.94,29.39,12.23
83.04,67.50,70.59,72.88,76.63,77.85,82.20,86.37,87.57,81.84,80.44,71.89,72.48,68.08,66.67
33.70,35.68,52.86,44.56,37.57,44.56,56.17,58.34,54.27,62.35,60.80,53.00,39.52,44.01,50.10
63.64,65.05,64.06,65.10,55.54,62.76,58.56,49.22,46.18,59.82,66.38,67.00,64.99,61.58,59.79
68.37,68.68,63.58,69.47,67.37,67.68,67.93,63.67,72.51,79.39,86.59,87.29,87.24,80.26,76.66
26.10,17.16,7.77,28.55,37.19,24.94,2.74,26.96,38.94,29.99,24.68,32.81,31.05,18.66,16.32
26.90,30.17,33.15,35.09,44.71,47.44,48.68,44.47,37.83,29.22,26.64,21.88,21.78,30.16,27.92
5.01,11.34,21.27,23.27,18.78,25.91,34.81,25.67,20.32,29.16,26.06,14.86,16.02,19.65,21.38
71.69,63.07,52.63,52.00,50.07,51.25,56.41,62.51,54.47,57.95,61.64,53.53,48.33,50.36,50.10
71.82,71.44,60.11,57.25,58.17,63.76,71.96,74.27,77.35,76.65,80.90,78.72,78.83,68.22,63.77
18.28,12.28,29.35,39.39,25.17,6.20,32.98,40.90,32.53,13.62,39.06,45.26,30.67,13.09,33.57
39.92,53.57,53.64,44.39,45.65,53.41,63.86,51.71,52.61,64.47,60.18,54.19,56.61,65.26,57.16
31.50,26.50,18.77,27.67,35.64,17.07,37.86,42.02,37.44,43.65,46.68,48.69,46.01,36.99,34.80
89.20,100.40,90.32,90.20,89.13,84.39,79.92,76.85,59.67,55.78,70.26,80.67,71.09,61.90,61.67
100.22,106.82,94.66,106.73,98.79,95.78,117.60,95.80,84.53,101.80,118.42,107.77,93.72,96.26,89.20
89.69,55.55,65.95,98.76,95.04,59.61,38.73,82.19,70.98,35.09,30.61,79.71,78.27,51.02,48.86
153.03,171.11,168.76,158.76,159.49,173.53,165.66,161.32,141.07,137.49,131.15,149.85,163.60,188.00,193.42
83.70,85.53,83.58,104.67,95.12,92.90,111.03,112.94,112.66,107.33,104.73,122.32,125.79,122.67,136.00
49.39,46.02,54.07,65.08,50.79,44.48,55.71,61.21,64.90,28.47,31.81,55.22,45.83,34.56,31.98
59.26,58.11,59.90,60.21,58.95,61.58,74.43,69.99,69.44,62.98,52.76,63.68,54.88,64.74,52.08
55.44,40.05,14.57,33.39,41.47,32.38,11.86,24.89,33.73,22.42,6.49,33.43,28.23,29.48,10.41
71.82,69.84,67.58,67.31,56.18,49.39,40.35,51.48,41.76,40.07,41.35,29.10,32.90,47.63,37.86
38.97,35.85,35.45,33.50,30.45,27.95,26.35,33.95,37.21,36.00,25.14,24.53,28.53,31.95,31.73
28.12,24.70,29.12,19.11,10.05,15.76,17.63,24.82,31.46,34.42,30.03,34.85,27.54,18.67,16.09
27.62,30.15,28.17,21.62,9.70,19.32,23.86,27.79,35.90,45.02,54.45,46.81,40.63,38.51,40.42
16.68,17.79,8.91,6.36,6.79,9.96,5.28,10.23,19.80,12.51,15.76,20.54,28.96,16.46,3.95
22.05,20.73,22.09,18.81,15.58,15.20,18.08,24.48,24.25,29.15,28.45,31.31,31.75,23.20,36.97
20.53,11.94,8.77,16.27,18.16,7.29,15.06,27.82,30.04,21.18,22.01,23.38,28.31,12.81,26.92
50.77,53.21,55.52,49.22,44.14,36.07,46.91,78.52,84.59,67.81,55.72,48.63,49.60,52.36,54.77
59.92,57.98,62.48,52.25,51.38,53.42,67.49,98.40,108.31,113.92,98.03,79.40,75.64,81.29,76.59
39.03,23.54,48.95,54.91,33.81,23.68,45.93,63.17,31.51,23.69,50.57,61.84,45.69,4.94,38.41
79.96,86.27,96.46,94.79,86.24,93.43,95.79,81.92,72.71,88.53,89.29,84.61,97.63,92.45,97.02
75.81,42.62,32.55,68.72,78.46,62.14,38.12,56.90,69.66,73.41,83.58,59.43,79.66,61.42,86.60
159.03,135.30,140.50,138.73,145.17,140.99,146.63,123.70,128.26,88.57,104.53,113.16,129.07,116.75,121.03
164.80,156.25,164.91,149.22,155.78,168.44,201.96,190.11,185.64,193.82,203.62,193.43,201.41,193.68,197.37
81.82,34.79,70.78,91.63,81.76,25.97,90.50,125.61,89.99,50.28,89.00,112.20,102.55,25.63,85.53
153.99,155.76,145.50,131.18,151.20,170.55,173.87,166.64,176.98,155.82,150.40,118.05,147.49,160.34,156.88
99.02,68.94,64.76,87.03,103.86,100.50,127.95,140.41,146.51,134.93,133.11,111.08,127.70,126.47,116.03
49.40,61.50,74.58,90.54,89.60,63.18,44.32,74.74,95.46,63.83,20.33,53.54,84.76,66.10,57.60
58.08,71.00,80.41,98.58,99.75,85.95,84.69,102.22,113.03,110.53,91.54,90.10,98.22,112.43,100.49
43.45,34.32,60.69,78.34,47.44,25.59,66.37,70.33,40.87,25.77,48.84,73.20,33.98,28.31,43.93
113.51,119.70,116.14,115.19,108.05,118.48,128.74,109.35,115.15,101.11,81.83,89.33,98.03,112.34,99.32
63.70,64.68,62.03,64.69,63.67,78.78,84.45,89.11,90.98,91.77,81.91,76.78,85.71,84.50,91.59
4.60,7.59,6.76,1.69,4.25,8.13,10.53,13.82,16.24,24.73,16.91,14.81,12.27,14.87,20.99
4.39,5.34,10.40,3.52,4.10,2.96,9.62,7.19,10.85,15.16,11.55,6.76,9.94,21.43,8.32
11.33,16.87,35.60,21.79,8.67,16.50,9.21,17.43,4.75,16.93,7.16,11.08,3.62,12.66,6.98
32.47,40.30,57.00,50.05,36.03,32.84,32.61,39.67,29.25,28.78,13.32,22.42,31.65,44.96,38.75
12.68,16.32,25.98,28.50,22.22,15.77,24.40,26.58,27.63,20.36,13.35,20.78,29.65,35.09,36.50
28.32,25.37,10.33,14.52,12.07,6.76,11.55,26.19,24.77,24.21,29.78,19.33,24.13,27.14,28.35
28.17,24.14,20.98,21.47,14.29,10.98,16.91,44.19,47.49,48.45,52.85,49.92,52.23,45.83,38.46
16.95,9.69,7.07,16.13,16.22,10.38,7.25,20.82,23.80,22.95,21.82,25.13,29.57,17.01,9.70
23.98,25.45,21.83,26.48,27.59,30.43,33.35,30.50,28.24,26.31,25.74,24.32,28.09,27.92,29.88
14.48,11.50,10.83,16.46,18.90,18.02,19.89,23.98,26.13,26.82,25.58,26.98,29.29,23.54,24.66
19.51,21.12,26.08,25.89,32.10,24.94,20.66,20.73,20.12,11.90,19.14,23.24,23.45,12.09,19.85
21.85,24.60,28.83,30.33,35.53,34.15,34.83,31.22,34.08,34.33,37.64,33.43,34.13,32.37,33.80
12.91,7.10,9.56,15.34,18.52,10.90,7.77,18.82,20.15,12.45,20.81,18.72,18.67,10.90,11.74
20.48,27.35,26.64,21.19,25.73,29.45,20.26,16.49,17.04,15.55,21.22,13.84,21.79,20.17,20.00
12.47,11.81,15.06,20.14,15.63,14.51,14.43,18.11,15.44,16.05,19.44,16.66,18.32,16.61,17.11
21.44,19.43,10.94,22.47,19.59,16.31,16.81,16.88,9.26,6.63,9.38,14.58,13.14,11.29,11.52
23.42,20.33,18.96,21.70,23.20,21.16,23.47,20.53,18.66,20.50,22.42,20.69,22.43,22.85,22.59
2.62,3.12,8.53,5.88,5.64,5.90,9.14,6.77,9.52,8.25,13.09,8.86,11.45,8.23,11.51
6.30,3.60,2.82,2.76,4.04,1.21,6.23,8.21,8.14,8.60,4.58,2.45,2.09,2.89,2.08
2.86,2.89,1.27,1.34,3.54,2.07,5.79,4.17,7.96,8.22,2.89,1.83,1.57,2.93,1.08
1.72,4.75,6.38,6.02,3.90,7.79,7.16,5.64,1.94,3.93,2.46,3.36,1.38,3.42,3.54
1.65,5.35,7.34,5.86,8.51,9.38,7.81,8.37,5.80,4.21,2.55,4.00,3.06,3.38,7.19
0.87,0.52,3.00,1.37,3.04,3.00,2.78,3.12,2.69,2.92,1.13,1.95,3.99,1.96,4.36
1.97,0.92,0.82,4.24,3.23,1.58,1.94,1.19,0.63,1.49,1.72,1.41,1.56,2.44,0.37
4.40,0.75,1.69,3.32,2.53,1.37,1.75,0.76,0.86,1.20,1.49,0.25,0.90,2.68,1.77
18.21,10.83,10.76,11.16,11.59,12.54,9.21,4.86,7.54,8.80,8.98,7.86,6.44,5.23,8.38
17.85,14.08,12.88,13.25,14.35,14.62,14.71,11.34,14.09,18.43,18.34,16.08,13.43,12.38,14.03
3.77,3.40,2.91,3.38,5.34,3.44,4.65,6.19,7.76,9.83,9.79,8.83,7.04,7.64,6.97
0.84,1.04,0.98,0.62,2.74,4.96,3.98,1.07,1.26,1.35,2.11,1.52,0.67,1.58,1.14
0.75,1.21,1.54,1.86,3.20,2.67,3.01,0.73,0.37,0.87,2.50,0.84,0.19,1.14,1.33
5.56,6.74,8.24,8.46,8.83,8.30,5.00,3.85,2.59,3.96,4.74,4.11,4.35,5.40,5.75
6.74,7.97,8.77,9.16,10.36,11.39,10.23,8.19,6.64,9.39,11.01,9.42,9.47,10.23,9.80
2.31,0.21,2.10,4.11,3.96,3.74,4.38,4.67,3.93,5.45,6.23,5.74,5.37,4.57,4.52
3.47,5.09,6.33,4.78,4.12,1.46,0.79,1.01,1.70,1.33,2.75,3.36,4.33,3.00,1.00
2.32,1.85,3.53,3.35,3.06,1.10,0.31,1.20,1.55,2.40,3.58,2.81,4.36,3.01,1.92
0.48,2.06,3.31,2.92,2.30,2.34,2.36,2.75,2.04,2.55,1.17,0.93,2.55,2.15,1.44
1.02,1.99,3.56,2.35,2.43,4.05,3.81,3.97,4.38,3.64,1.86,2.65,4.10,3.40,3.38
0.33,0.62,2.79,1.40,0.37,2.84,1.65,1.92,3.46,2.01,1.66,2.52,3.47,1.86,2.26
1.19,2.05,3.97,2.11,1.56,3.01,2.39,1.94,1.79,1.73,2.87,2.88,0.49,3.85,3.13
0.97,1.27,2.58,1.26,1.14,1.69,1.76,2.49,1.41,2.14,3.42,3.04,1.45,4.00,2.76
1.88,1.30,0.41,0.71,0.68,0.55,0.51,0.81,0.18,1.68,2.70,2.72,1.09,1.19,1.60
2.58,0.67,0.19,0.36,0.95,0.61,0.65,0.30,0.42,1.52,3.31,3.58,3.48,1.69,2.55
1.25,0.84,1.16,0.69,1.61,1.60,0.37,0.15,0.16,1.16,1.84,1.48,2.41,1.15,1.29
0.27,1.19,2.28,1.48,2.31,3.01,1.17,0.47,0.27,0.70,0.30,0.41,0.33,0.24,0.53
0.44,0.58,1.42,1.21,1.37,1.78,1.20,0.42,0.30,0.48,0.29,0.27,0.29,0.31,0.22
1.34,1.03,1.38,0.51,0.64,0.34,0.36,0.12,0.28,0.38,0.44,0.93,0.94,0.58,0.42
0.89,1.45,1.35,0.81,0.75,0.32,0.16,0.30,0.88,1.26,1.63,1.48,1.83,1.39,0.24
1.30,0.61,0.98,1.51,1.41,1.03,0.84,0.64,1.26,0.77,0.81,0.44,0.55,0.33,0.11
2.38,2.22,2.14,2.58,2.69,2.45,2.08,1.24,1.09,2.02,2.26,1.04,1.86,2.05,1.46
1.07,1.25,0.72,1.37,1.48,1.25,1.43,0.75,0.50,2.06,2.48,1.64,1.92,2.13,1.51
0.33,1.27,1.44,0.84,0.24,1.28,0.75,0.60,0.60,1.07,0.40,0.75,0.96,1.17,0.65
0.46,1.19,1.50,1.00,0.64,1.73,1.64,1.17,1.08,1.60,1.46,1.79,1.56,1.95,1.72
0.26,1.36,1.72,2.14,1.21,1.53,1.13,1.60,0.95,1.61,0.63,1.36,1.28,0.76,1.04
1.22,3.43,4.50,4.46,4.28,4.44,3.94,4.51,3.51,2.04,1.98,1.67,1.55,2.01,2.66
2.05,2.57,2.67,2.31,2.69,2.75,3.11,4.59,3.89,2.98,2.77,1.48,2.18,2.45,2.96
3.31,1.81,1.08,1.39,0.85,0.61,0.48,1.53,1.72,0.48,1.54,1.29,0.96,0.73,1.22
3.00,1.70,1.63,1.68,1.25,1.20,0.03,0.86,2.50,1.68,2.06,2.31,2.86,2.22,1.65
0.63,1.55,1.09,1.35,0.98,2.08,1.10,1.29,1.75,1.14,1.78,2.39,1.33,0.65,1.19
2.71,2.69,1.70,1.18,0.65,2.50,3.59,3.60,2.68,2.35,2.47,3.71,3.86,3.75,2.70
2.32,2.84,1.62,0.43,0.69,1.31,3.35,3.77,3.35,3.18,3.52,3.82,4.83,4.55,3.49
2.56,4.28,2.42,1.63,2.18,2.00,1.78,0.81,0.99,2.06,1.76,0.60,2.08,2.00,1.00
2.53,3.82,2.83,1.97,2.77,1.99,2.32,2.37,1.05,2.55,3.26,2.92,2.60,2.50,2.55
1.02,2.05,2.46,1.66,1.10,1.36,2.20,1.56,0.84,1.65,3.18,1.59,1.81,1.91,1.65
3.64,4.08,4.91,3.30,2.30,2.74,2.77,1.18,2.02,0.62,2.80,1.29,2.69,2.72,3.09
2.08,1.40,3.56,2.56,1.94,2.21,2.28,1.64,2.28,1.51,3.05,2.38,2.94,3.61,3.99
2.18,1.99,1.86,1.96,2.30,0.93,1.94,1.75,1.78,0.07,1.54,1.47,1.52,0.29,1.58
1.88,2.43,2.02,1.69,2.56,2.62,2.98,3.10,2.91,2.38,2.39,2.48,2.84,3.24,3.81
1.15,1.01,0.61,0.88,1.06,1.27,1.47,2.23,1.39,2.01,1.71,1.93,1.88,2.11,2.62
1.56,1.15,0.68,1.03,0.91,0.31,0.63,0.78,0.58,0.59,0.17,0.57,0.15,0.49,0.69
0.75,0.62,0.54,0.45,0.83,0.16,0.34,0.35,0.49,0.42,0.11,0.35,0.17,0.44,0.57
0.96,0.72,0.43,0.06,0.43,0.23,0.11,0.18,0.24,0.26,0.08,0.19,0.22,0.41,0.11
1.25,0.69,0.25,0.24,0.29,0.13,0.04,0.18,0.19,0.27,0.14,0.08,0.16,0.07,0.57
0.43,0.28,0.14,0.14,0.30,0.11,0.02,0.26,0.13,0.29,0.27,0.24,0.11,0.64,0.32
0.22,0.13,0.25,0.23,0.26,0.09,0.27,0.30,0.96,0.82,1.71,0.74,0.03,0.87,1.19
0.68,0.35,0.10,0.27,0.31,0.18,0.73,0.91,1.47,1.40,2.29,0.58,0.37,0.88,1.68
2.01,1.55,1.40,1.92,1.54,0.97,1.37,1.21,1.32,0.46,0.43,0.21,0.69,0.41,0.71
2.28,1.91,1.22,2.27,2.24,1.68,1.82,1.52,1.69,1.33,1.38,1.42,1.78,1.82,1.79
0.53,0.74,0.63,1.28,0.23,0.13,1.15,0.85,1.39,0.87,0.48,1.72,1.10,1.20,1.31
2.23,2.87,1.91,2.70,2.34,2.10,1.28,1.29,0.66,1.68,0.66,1.84,1.23,1.14,1.74
1.93,1.78,0.77,1.45,1.63,1.43,1.29,1.93,1.34,2.44,1.54,2.23,2.28,1.58,1.91
2.79,1.88,3.45,1.78,2.25,1.71,1.58,0.92,1.32,1.34,0.12,1.35,1.88,0.88,0.50
3.18,2.91,3.58,2.87,2.82,3.05,3.10,2.07,2.91,2.65,2.56,1.94,1.91,2.17,2.82
0.55,0.49,1.24,0.88,0.57,1.45,1.32,1.55,2.45,1.87,2.49,1.57,1.26,1.95,2.16
1.24,0.72,0.65,0.88,1.79,1.27,0.68,1.08,0.58,1.47,1.67,0.93,0.16,1.20,1.28
0.61,0.29,0.46,0.86,1.65,0.83,0.75,1.33,1.55,2.04,1.77,1.56,0.98,0.81,1.30
2.28,1.82,2.01,2.59,2.33,1.15,0.92,0.91,1.12,1.33,0.69,0.97,1.25,0.93,0.06
2.65,2.70,2.92,3.22,2.54,1.77,2.47,2.34,1.63,1.62,1.16,1.67,2.49,2.30,1.31
0.67,1.82,1.60,1.09,0.62,0.58,1.47,1.23,0.98,1.44,0.84,1.27,2.10,1.79,0.96
0.45,1.54,1.28,0.19,0.64,0.10,0.44,0.76,0.33,0.42,0.70,0.36,0.44,0.48,0.44
0.22,1.00,1.44,0.14,0.58,0.37,0.88,0.82,0.39,0.13,0.95,0.45,0.14,0.32,0.21
0.77,0.93,1.28,0.19,0.58,0.89,0.62,0.37,0.93,0.16,0.24,0.50,0.59,0.46,0.39
1.25,1.06,1.08,0.37,0.21,0.84,0.93,1.51,1.73,1.18,0.49,0.84,1.30,1.09,1.08
1.24,0.92,0.18,1.34,0.83,0.60,0.42,1.52,0.57,0.92,1.02,0.80,1.41,0.63,0.87
1.80,1.72,1.39,2.62,2.11,2.51,2.45,2.05,1.26,2.07,0.67,1.76,2.56,1.22,1.44
1.11,1.04,1.45,1.85,1.25,2.38,2.73,1.85,2.96,3.28,2.38,2.31,3.29,2.35,1.95
1.70,1.57,1.51,1.23,1.79,0.50,1.82,0.34,1.29,0.90,1.84,0.84,1.22,0.59,0.90
1.77,2.24,1.51,1.20,1.73,2.19,2.63,1.11,1.75,1.87,2.66,1.55,2.17,2.65,2.02
0.28,1.15,0.55,0.43,0.26,1.12,1.67,1.38,1.09,1.60,2.45,1.63,2.10,2.30,1.42
0.24,0.30,0.19,0.10,0.13,0.51,0.91,1.62,0.60,0.28,0.59,0.81,0.71,0.98,0.39
0.25,0.34,0.10,0.05,0.31,0.73,0.88,1.59,0.95,0.81,0.94,0.64,0.27,0.65,0.84
1.09,1.39,1.23,0.59,1.05,1.11,1.03,0.94,0.28,0.08,0.85,0.32,0.45,0.61,1.12
1.22,1.68,1.52,0.83,1.66,2.14,2.02,1.00,1.26,1.54,1.57,1.04,1.20,1.05,1.78
0.49,0.62,0.72,0.32,0.64,0.98,1.08,0.95,0.49,1.58,1.42,1.28,1.16,0.64,1.40
0.09,0.10,0.19,0.13,0.22,0.02,0.14,0.08,0.71,0.84,0.39,1.10,0.63,0.37,0.38
0.14,0.08,0.11,0.07,0.16,0.12,0.15,0.24,0.73,1.17,0.27,0.76,0.11,0.19,0.30
0.39,0.68,0.55,0.17,0.11,0.14,0.74,0.66,0.49,0.89,0.26,0.28,0.40,0.52,0.35
0.63,1.15,0.61,0.23,0.14,0.07,0.63,1.44,0.96,0.88,0.94,0.59,1.32,1.13,1.01
0.64,1.29,0.98,0.57,0.79,1.14,0.50,1.13,0.78,0.84,0.83,0.50,1.26,0.86,0.85
1.60,2.12,2.26,1.78,1.87,2.64,1.47,1.16,0.90,0.97,1.26,0.86,0.60,0.70,0.81
0.70,1.08,1.56,1.70,1.12,1.92,1.74,1.69,1.71,1.68,1.91,1.73,1.71,1.47,1.41
0.21,0.32,0.12,0.77,0.33,0.18,0.28,0.65,0.82,0.74,1.11,0.83,0.87,0.67,0.76
0.14,0.33,0.08,0.35,0.58,0.21,0.32,0.18,0.21,0.30,0.70,0.55,0.66,0.93,0.76
0.32,0.69,0.39,0.42,0.39,0.47,0.23,0.22,0.33,0.60,0.88,0.23,0.56,0.84,0.82
0.69,1.09,1.10,0.77,0.68,0.84,0.55,0.77,0.51,0.72,0.21,0.63,0.46,0.56,0.03
0.52,0.78,0.87,0.29,0.66,0.47,0.91,0.95,0.75,1.31,0.95,0.79,0.79,0.96,0.27
0.19,0.52,0.41,0.06,0.26,0.06,0.44,0.47,0.33,0.83,0.66,0.10,0.49,0.68,0.65
0.07,0.41,0.28,0.10,0.20,0.09,0.14,0.41,0.19,0.25,0.28,0.50,0.25,0.31,0.33
0.20,0.32,0.71,0.35,0.34,0.08,0.69,0.54,0.11,0.31,0.67,0.56,0.19,0.07,0.13
0.54,0.53,0.86,1.10,0.60,0.70,1.51,0.57,0.79,0.38,0.24,0.58,0.72,0.44,0.36
0.46,0.53,0.25,1.10,0.41,0.85,1.36,1.29,0.97,1.40,0.84,0.83,1.37,0.82,0.63
0.46,0.37,0.80,1.06,1.23,0.45,0.89,1.24,0.39,0.83,0.79,0.23,0.74,0.92,0.53
0.73,0.79,0.53,1.11,1.02,1.17,1.42,1.12,1.46,0.81,1.33,0.99,0.91,1.60,1.25
0.55,0.41,1.32,0.96,0.58,0.52,1.15,1.00,1.51,1.00,1.68,1.36,1.29,0.70,1.06
1.34,1.70,2.36,1.29,1.45,1.53,1.46,1.83,1.03,0.62,1.05,1.49,1.06,1.17,1.03
1.09,0.93,1.70,1.03,1.29,1.20,2.10,2.01,1.53,1.36,1.90,2.35,1.82,1.79,1.54
1.23,1.15,0.76,1.08,0.32,0.62,1.09,0.96,1.37,0.22,0.99,1.52,1.10,0.60,0.66
1.49,1.35,0.78,1.31,0.89,0.80,1.49,1.12,0.86,0.96,0.96,0.40,0.97,1.15,1.05
1.44,1.44,0.76,1.20,1.14,0.71,1.00,0.52,0.79,0.87,0.74,0.95,1.19,1.06,0.91
2.33,2.24,2.11,2.20,2.03,2.40,1.14,0.94,0.84,0.76,0.07,1.15,0.90,0.64,0.57
1.50,1.17,1.58,1.53,1.54,2.06,1.50,1.11,1.20,1.28,0.51,0.94,0.95,0.90,1.01
0.94,1.17,0.44,0.91,1.12,0.66,0.55,0.48,0.93,0.55,0.37,0.39,0.48,0.15,0.53
1.02,1.24,0.86,1.37,1.41,1.48,1.88,1.01,1.52,1.43,1.25,1.23,1.44,1.33,1.24
0.59,0.46,0.20,0.90,0.48,0.45,1.08,0.73,1.54,1.90,1.68,1.48,1.53,1.22,1.16
0.79,0.55,0.14,0.75,0.84,0.71,0.13,0.19,0.29,0.89,0.64,0.34,0.30,0.20,0.35
0.43,0.15,0.02,0.84,0.74,0.28,0.39,0.12,0.16,0.40,0.46,0.67,0.29,0.08,0.29
1.09,1.25,1.08,1.34,1.08,1.32,0.92,0.85,0.80,0.48,0.06,0.42,0.52,0.50,0.30
1.37,1.54,1.48,1.34,1.53,2.39,2.40,2.05,1.91,1.32,2.08,2.24,1.68,1.96,1.31
0.44,0.45,0.37,0.33,0.48,1.45,1.78,1.67,1.47,2.09,2.61,2.64,1.69,2.00,0.93
0.20,0.24,0.24,0.25,0.19,0.29,0.44,0.32,0.21,0.89,1.04,0.83,0.21,0.42,0.60
0.09,0.01,0.52,0.21,0.39,0.04,0.35,0.21,0.15,0.32,0.23,0.08,0.13,0.28,0.35
0.77,1.59,1.74,1.42,0.70,0.64,0.21,0.68,0.32,0.44,0.11,0.25,0.45,0.11,0.38
0.93,2.56,2.31,1.85,1.36,1.22,1.23,0.98,0.85,0.52,0.87,0.91,1.37,0.97,0.86
0.80,2.01,1.74,0.80,0.66,0.85,1.12,0.57,1.08,0.73,0.94,1.29,1.17,1.31,0.99
2.18,2.18,2.23,1.89,2.78,2.45,1.48,1.38,0.45,0.52,1.04,1.61,0.92,1.52,1.74
1.50,1.48,1.31,1.06,2.39,1.76,2.06,2.38,1.62,1.36,2.07,2.32,2.28,2.31,2.26
0.23,0.19,0.23,0.87,0.58,0.86,0.98,0.82,0.91,0.84,1.79,0.70,1.59,1.74,1.06
0.14,0.18,0.30,0.52,0.64,0.58,0.71,1.04,1.73,0.84,1.31,1.35,1.42,2.23,0.92
0.75,0.36,0.59,0.69,0.59,0.58,0.69,0.86,2.11,0.95,1.52,1.63,2.14,1.99,1.05
1.63,1.13,1.53,1.72,1.44,0.87,0.27,0.40,1.78,0.80,0.83,0.20,0.78,1.12,0.96
0.68,0.87,1.62,1.05,1.23,0.71,0.91,0.73,1.32,0.52,0.17,0.98,0.92,0.85,1.73
2.91,2.68,2.65,1.83,1.29,2.04,0.49,0.82,0.43,0.23,0.56,1.36,0.91,0.91,0.92
3.89,3.30,3.10,2.76,2.69,2.94,2.61,2.60,2.11,1.51,2.51,2.59,1.97,2.91,2.34
1.35,1.09,0.94,0.79,0.87,1.00,2.42,2.53,2.48,2.64,3.03,2.92,3.01,3.21,2.72
0.65,0.15,0.34,0.56,0.57,0.21,0.49,0.52,0.82,1.11,1.20,0.86,1.25,1.19,1.06
0.80,0.25,0.42,0.14,0.77,0.10,0.29,0.32,0.51,0.43,0.06,0.50,0.72,0.41,0.66
0.96,0.94,0.40,0.61,1.42,0.57,0.12,0.11,0.59,0.14,0.12,0.64,0.54,0.34,0.60
0.88,1.38,0.74,1.08,1.35,1.36,0.84,0.87,1.33,1.02,0.77,1.93,0.54,1.05,1.17
0.22,0.65,0.13,0.51,0.48,1.17,0.86,0.69,1.46,1.31,1.75,2.05,1.22,1.02,0.89
0.23,0.36,0.04,0.05,0.60,1.09,0.36,0.55,0.42,0.16,1.12,0.90,0.82,0.59,0.60
0.24,0.54,0.44,0.10,0.66,0.96,0.87,0.82,0.92,0.14,0.81,0.14,0.69,0.85,1.13
1.20,0.81,0.88,0.20,0.43,0.09,0.40,0.15,0.75,0.75,0.36,0.34,0.24,0.61,0.60
1.30,0.93,0.80,0.68,0.10,0.19,1.33,0.86,0.88,1.00,0.30,0.47,0.58,0.72,0.53
0.48,0.41,0.50,0.86,0.37,0.06,1.25,0.95,1.04,0.85,0.81,0.47,0.95,0.51,0.89
0.73,0.47,0.73,0.31,0.67,0.16,0.46,0.22,0.17,0.32,0.60,0.22,0.51,0.47,0.43
0.72,0.36,0.33,0.11,0.71,0.41,0.22,0.16,0.41,0.26,0.47,0.62,0.21,0.41,0.33
1.23,1.04,1.14,1.17,2.05,1.66,0.88,0.90,0.51,0.54,0.43,0.48,0.26,0.41,0.74
1.68,1.68,1.62,1.90,2.71,2.76,2.79,2.68,1.68,2.07,1.38,1.21,1.23,2.11,2.02
0.18,0.97,0.70,1.05,0.79,1.11,2.02,2.80,1.83,2.64,2.39,2.10,2.43,2.07,2.03
0.97,1.41,0.87,0.78,0.97,1.36,0.72,0.72,0.16,1.00,1.00,0.64,1.24,0.69,1.07
0.58,0.70,0.56,0.47,1.17,1.15,0.47,0.30,0.66,0.60,0.17,0.68,0.79,0.93,1.31
0.69,0.84,1.07,0.81,0.66,0.57,0.19,0.29,0.31,0.75,0.08,0.61,0.74,0.26,1.07
0.81,1.05,1.75,1.20,1.22,0.94,0.87,0.74,0.23,0.34,0.38,0.77,0.71,0.41,0.45
0.23,0.18,0.86,0.53,0.77,0.27,0.51,0.68,0.23,0.24,0.86,0.67,0.83,0.39,0.35
0.20,0.21,0.10,0.87,0.56,0.07,0.76,1.16,0.15,0.15,0.57,0.23,0.28,0.55,0.33
0.46,0.24,0.04,0.57,0.59,0.14,1.19,1.44,0.78,0.48,0.47,0.47,0.12,0.55,0.89
0.67,0.13,0.09,0.15,0.43,0.09,0.41,0.53,0.67,0.32,0.58,0.23,0.07,0.70,0.75
0.40,0.16,0.13,0.09,0.20,0.09,0.78,0.48,0.58,0.62,0.67,1.03,1.10,1.01,0.24
0.08,0.24,0.12,0.08,0.13,0.05,1.10,0.72,0.67,1.08,1.46,1.61,1.85,0.80,0.90
0.20,0.02,0.51,0.46,0.44,0.07,0.61,0.21,0.45,0.68,0.67,0.75,0.94,0.41,0.36
0.32,0.49,0.43,0.50,0.37,0.13,0.37,0.13,0.25,0.23,0.89,0.44,0.12,0.25,0.09
1.22,1.75,1.32,1.52,1.26,1.37,0.61,0.67,0.44,0.65,0.99,0.33,0.38,0.32,0.12
1.81,1.93,2.24,2.24,2.14,2.49,1.85,1.41,1.26,0.46,0.22,0.85,0.50,0.43,0.23
0.48,0.84,1.07,0.55,0.81,1.62,1.07,1.66,1.24,1.05,1.08,1.11,0.91,0.30,0.43
0.84,0.59,0.76,0.78,1.10,1.26,0.18,0.69,0.35,0.40,0.64,0.17,1.17,0.64,0.36
0.84,0.22,0.50,0.57,0.81,1.01,0.55,0.07,0.21,0.22,0.14,0.48,0.64,1.21,0.83
0.24,0.19,0.15,0.08,0.31,0.57,0.74,0.17,0.10,0.11,0.17,0.19,0.10,0.75,0.73
0.19,0.05,0.02,0.10,0.19,0.78,0.92,0.77,0.17,0.02,0.23,0.30,0.25,0.10,0.59
0.02,0.12,0.23,0.05,0.20,0.49,0.49,1.01,0.08,0.12,0.12,0.46,0.26,0.28,0.38
0.14,0.10,0.34,0.09,0.34,0.06,0.53,0.46,0.08,0.11,0.24,0.55,0.14,0.49,0.16
0.03,0.37,0.30,0.17,0.39,0.06,0.36,0.12,0.21,0.21,0.20,0.80,0.77,0.86,0.42
0.38,0.96,0.65,0.32,0.62,0.36,0.35,0.29,0.37,0.33,0.18,0.73,0.98,0.43,1.05
0.84,0.80,0.68,0.87,0.52,0.76,0.93,0.74,0.15,0.26,0.39,0.25,0.20,0.36,1.16
0.56,0.28,0.16,0.41,0.29,0.29,0.89,0.79,0.17,0.42,0.67,0.54,0.61,0.64,0.59
0.58,0.26,0.38,0.54,0.68,0.23,0.46,0.16,0.37,0.71,0.32,0.13,0.47,0.65,0.73
0.12,0.44,0.23,0.41,0.34,0.61,0.64,0.82,1.20,1.29,0.07,0.58,0.43,0.79,0.99
0.71,0.56,0.48,0.07,0.21,0.67,0.60,0.58,0.71,1.17,0.41,0.33,0.64,0.50,0.47
1.06,0.60,0.56,0.08,0.40,0.70,0.81,0.50,0.31,0.38,1.20,0.41,0.28,0.38,0.39
0.63,0.13,0.18,0.29,0.64,0.32,0.80,0.86,0.18,0.36,1.25,0.51,0.15,0.67,0.47
0.71,0.58,0.39,0.59,0.92,0.43,0.27,0.25,0.24,0.42,0.46,0.29,0.13,0.54,0.38
0.42,0.55,0.47,0.32,0.60,0.73,0.70,0.77,0.75,0.54,0.09,0.55,0.52,0.19,0.26
0.84,0.46,0.86,0.95,0.74,0.79,0.35,0.52,0.43,0.37,0.02,0.54,0.57,0.34,0.12
1.35,0.89,0.87,1.29,1.19,0.84,0.41,0.34,0.53,0.28,0.08,0.59,0.57,0.42,0.46
0.77,0.34,0.42,0.18,0.40,0.75,0.51,0.43,0.64,0.58,0.14,0.64,0.72,0.50,0.55
1.48,0.73,1.18,1.46,1.05,0.91,0.32,0.35,0.47,0.68,0.34,0.38,0.24,0.43,0.20
1.03,0.46,1.05,1.22,1.00,0.76,0.54,0.78,0.83,0.92,0.89,0.56,0.57,0.63,0.80
0.18,0.22,0.36,0.35,0.71,0.56,0.07,0.37,0.63,0.79,0.80,0.94,0.39,0.56,0.59
0.45,0.15,0.22,0.05,0.70,0.80,0.28,0.52,0.16,0.50,0.13,0.49,0.80,0.43,0.59
0.15,0.10,0.13,0.10,0.34,0.29,0.56,0.54,0.46,0.09,0.74,0.81,1.07,0.79,0.70
0.14,0.06,0.15,0.11,0.09,0.07,0.25,0.14,0.71,0.65,0.63,0.53,0.51,0.38,0.20
0.39,0.19,0.32,0.08,0.09,0.06,0.16,0.05,0.35,0.55,0.60,0.34,0.09,0.20,0.13
0.38,0.21,0.38,0.09,0.18,0.08,0.13,0.33,0.13,0.51,0.20,0.30,0.07,0.11,0.13
0.55,0.34,0.09,0.57,0.35,0.07,0.47,0.80,0.45,0.90,0.06,0.32,0.43,0.41,0.71
0.25,0.24,0.29,0.57,0.43,0.07,0.38,0.84,0.83,0.94,0.04,0.41,0.51,0.80,1.12
0.63,0.10,0.26,0.37,0.59,0.04,0.29,0.25,0.67,0.44,0.10,0.25,0.09,0.53,0.79
0.47,0.06,0.07,0.78,0.70,0.04,0.49,0.69,0.83,0.61,0.43,0.21,0.08,0.50,0.83
0.22,0.03,0.03,0.41,0.46,0.06,0.25,0.67,0.30,0.76,0.50,0.23,0.07,0.39,0.59
0.11,0.06,0.06,0.08,0.33,0.13,0.06,0.23,0.13,0.38,0.06,0.11,0.09,0.11,0.15
0.34,0.37,0.18,0.21,0.53,0.08,0.09,0.17,0.04,0.25,0.10,0.07,0.03,0.09,0.22
0.56,0.65,0.59,0.61,0.72,0.18,0.54,0.29,0.22,0.30,0.10,0.18,0.31,0.31,0.28
0.45,0.37,0.57,0.36,0.38,0.55,0.67,0.70,0.62,0.80,0.82,0.63,0.85,0.84,0.79
0.10,0.12,0.17,0.08,0.22,0.36,0.35,0.61,0.64,0.84,1.10,0.65,0.92,0.53,0.59
0.19,0.06,0.13,0.07,0.09,0.07,0.29,0.77,0.13,0.32,0.62,0.49,0.19,0.80,0.30
0.26,0.58,0.29,0.27,0.21,0.41,0.24,0.84,0.09,0.07,0.39,0.71,0.93,0.78,0.51
0.55,0.75,0.74,0.69,0.61,0.62,0.58,0.50,0.03,0.10,0.40,0.66,0.57,0.19,0.25
0.70,0.26,0.55,0.60,0.80,0.39,0.60,0.12,0.03,0.21,0.52,0.58,0.34,0.21,0.07
0.26,0.31,0.10,0.05,0.45,0.26,0.55,0.07,0.15,0.42,0.15,0.62,0.28,0.25,0.32
0.15,0.81,0.64,0.14,0.36,0.62,0.98,0.70,0.39,0.32,0.09,0.18,0.63,0.83,0.47
0.24,0.44,0.63,0.10,0.18,0.43,0.81,0.96,0.87,1.24,0.46,0.78,1.13,1.20,1.04
0.74,0.02,0.26,0.17,0.15,0.04,0.48,0.64,0.39,1.19,0.21,0.55,0.46,0.24,0.58
0.73,0.15,0.07,0.12,0.17,0.08,0.34,0.43,0.19,0.40,0.56,0.36,0.02,0.25,0.19
0.62,0.50,0.34,0.04,0.04,0.10,0.23,0.16,0.16,0.10,0.61,0.43,0.07,0.14,0.15
0.56,0.62,0.61,0.17,0.04,0.06,0.29,0.18,0.26,0.08,0.19,0.29,0.12,0.23,0.17
0.19,0.23,0.38,0.13,0.40,0.21,0.52,0.45,0.10,0.19,0.09,0.16,0.09,0.41,0.36
0.89,0.88,0.41,0.09,0.62,0.72,0.46,0.48,0.15,0.31,0.18,0.05,0.15,0.63,0.50
1.06,0.73,0.52,0.12,0.55,0.91,0.07,0.32,0.45,0.52,0.54,0.33,0.54,0.75,0.66
0.55,0.68,0.64,0.23,0.25,0.41,0.17,0.01,0.58,0.79,0.49,0.29,0.71,0.53,0.44
0.03,0.73,0.60,0.08,0.14,0.05,0.28,0.70,0.07,0.56,0.57,0.42,0.39,0.69,0.47
0.49,0.17,0.37,0.12,0.15,0.06,0.57,1.16,0.09,0.21,1.11,1.02,0.98,0.74,0.57
0.60,0.42,0.42,0.12,0.09,0.03,0.48,0.95,0.26,0.23,0.91,0.60,0.67,0.43,0.28
0.22,0.63,0.64,0.15,0.11,0.08,0.38,0.58,0.47,0.46,0.29,0.17,0.09,0.77,0.62
0.47,0.72,0.67,0.09,0.10,0.21,0.16,0.23,0.45,0.38,0.07,0.33,0.04,0.52,0.76
0.69,0.64,0.58,0.03,0.19,0.32,0.50,0.40,0.36,0.29,0.10,0.60,0.30,0.19,0.51
0.18,0.45,0.44,0.27,0.07,0.15,0.39,0.53,0.62,0.65,0.05,0.71,0.59,0.45,0.61
0.44,0.29,0.24,0.69,0.27,0.05,0.40,0.11,0.37,0.57,0.25,0.49,0.38,0.36,0.18
0.40,0.25,0.39,0.62,0.48,0.15,0.60,0.60,0.44,0.41,0.61,0.09,0.11,0.45,0.40
0.28,0.56,0.33,0.41,0.16,0.57,0.44,0.45,0.54,0.61,0.52,0.07,0.06,0.67,0.34
0.52,0.58,0.55,0.74,0.76,0.49,0.75,0.38,0.40,0.79,0.58,0.25,0.25,0.58,0.19
0.21,0.23,0.33,0.28,0.55,0.27,0.92,0.69,0.59,0.95,0.55,0.53,0.48,0.53,0.58
0.46,0.26,0.23,0.05,0.11,0.31,0.35,0.08,0.39,0.67,0.12,0.50,0.28,0.27,0.48
0.18,0.19,0.24,0.14,0.14,0.03,0.03,0.19,0.07,0.15,0.35,0.27,0.07,0.07,0.22
0.05,0.14,0.24,0.07,0.27,0.20,0.10,0.10,0.09,0.17,0.64,0.21,0.05,0.08,0.12
0.08,0.12,0.17,0.07,0.25,0.36,0.14,0.06,0.10,0.13,0.26,0.23,0.10,0.02,0.15
0.12,0.20,0.17,0.32,0.25,0.16,0.05,0.09,0.14,0.04,0.04,0.12,0.12,0.07,0.10
0.02,0.25,0.15,0.36,0.12,0.11,0.14,0.04,0.07,0.07,0.02,0.06,0.05,0.13,0.12
0.10,0.11,0.14,0.22,0.23,0.06,0.29,0.10,0.05,0.05,0.07,0.17,0.12,0.22,0.35
0.07,0.06,0.24,0.42,0.44,0.13,0.22,0.21,0.02,0.10,0.25,0.26,0.27,0.17,0.54
0.03,0.18,0.25,0.60,0.36,0.35,0.05,0.21,0.02,0.10,0.31,0.06,0.18,0.11,0.32
0.13,0.17,0.19,0.27,0.04,0.44,0.37,0.42,0.23,0.17,0.16,0.17,0.04,0.25,0.13
0.29,0.02,0.03,0.02,0.25,0.19,0.44,0.33,0.40,0.26,0.24,0.20,0.05,0.26,0.17
0.20,0.24,0.16,0.14,0.41,0.17,0.27,0.04,0.31,0.10,0.09,0.08,0.10,0.05,0.21
0.15,0.51,0.30,0.10,0.49,0.09,0.50,0.24,0.33,0.43,0.47,0.47,0.47,0.08,0.11
0.06,0.50,0.38,0.01,0.35,0.51,0.18,0.15,0.30,0.47,0.48,0.41,0.48,0.33,0.20
0.06,0.16,0.28,0.15,0.16,0.36,0.14,0.04,0.24,0.18,0.20,0.13,0.11,0.24,0.23
0.25,0.08,0.21,0.16,0.11,0.09,0.17,0.09,0.10,0.23,0.42,0.09,0.12,0.10,0.20
0.57,0.09,0.32,0.19,0.18,0.06,0.22,0.30,0.45,0.20,0.26,0.16,0.13,0.22,0.10
0.60,0.56,0.22,0.55,0.37,0.03,0.34,0.49,0.71,0.44,0.27,0.42,0.18,0.31,0.17
0.13,0.50,0.60,0.55,0.47,0.15,0.20,0.40,0.45,0.41,0.39,0.32,0.37,0.18,0.28
0.41,0.07,0.52,0.20,0.22,0.24,0.07,0.09,0.13,0.15,0.14,0.12,0.34,0.19,0.16
0.16,0.08,0.28,0.07,0.13,0.13,0.06,0.03,0.04,0.09,0.03,0.20,0.10,0.27,0.26
0.05,0.20,0.19,0.16,0.08,0.04,0.21,0.09,0.04,0.06,0.11,0.05,0.02,0.28,0.30
0.07,0.48,0.58,0.06,0.11,0.05,0.32,0.27,0.04,0.01,0.09,0.11,0.09,0.20,0.20
0.04,0.62,0.65,0.57,0.26,0.06,0.21,0.28,0.07,0.06,0.07,0.15,0.05,0.38,0.18
0.06,0.34,0.29,0.59,0.45,0.05,0.12,0.09,0.03,0.02,0.11,0.19,0.08,0.26,0.25
0.06,0.18,0.17,0.27,0.18,0.41,0.06,0.09,0.17,0.10,0.03,0.29,0.32,0.14,0.29
0.20,0.50,0.52,0.06,0.33,0.75,0.18,0.09,0.09,0.10,0.11,0.17,0.24,0.08,0.24
0.35,0.51,0.98,0.20,0.42,0.39,0.45,0.27,0.07,0.10,0.15,0.08,0.08,0.17,0.14
0.12,0.33,0.64,0.11,0.23,0.30,0.24,0.30,0.29,0.17,0.09,0.20,0.30,0.16,0.07
0.28,0.32,0.09,0.08,0.03,0.18,0.15,0.42,0.34,0.26,0.16,0.24,0.37,0.15,0.29
0.24,0.29,0.11,0.45,0.23,0.29,0.17,0.32,0.04,0.25,0.27,0.23,0.48,0.08,0.21
0.27,0.33,0.29,0.57,0.40,0.78,0.61,0.39,0.39,0.69,0.09,0.62,0.77,0.31,0.39
0.14,0.22,0.35,0.33,0.15,0.66,0.43,0.10,0.83,0.74,0.46,0.47,0.77,0.38,0.32
0.34,0.37,0.39,0.26,0.49,0.21,0.50,0.23,0.43,0.10,0.39,0.16,0.29,0.23,0.15
0.27,0.47,0.30,0.24,0.34,0.62,0.55,0.21,0.52,0.48,0.65,0.39,0.65,0.63,0.38
0.08,0.22,0.10,0.14,0.04,0.25,0.18,0.27,0.22,0.31,0.47,0.26,0.53,0.42,0.13
0.11,0.05,0.08,0.01,0.02,0.23,0.29,0.39,0.05,0.14,0.15,0.21,0.18,0.23,0.19
0.09,0.20,0.06,0.02,0.14,0.21,0.15,0.31,0.07,0.14,0.23,0.06,0.05,0.21,0.30
0.27,0.48,0.35,0.17,0.37,0.40,0.35,0.18,0.29,0.17,0.27,0.15,0.24,0.22,0.42
0.26,0.41,0.40,0.18,0.43,0.57,0.45,0.22,0.38,0.52,0.45,0.32,0.44,0.27,0.59
0.11,0.13,0.23,0.11,0.13,0.20,0.13,0.16,0.10,0.43,0.29,0.44,0.50,0.11,0.36
0.01,0.03,0.06,0.01,0.12,0.01,0.03,0.03,0.34,0.25,0.04,0.36,0.31,0.17,0.14
0.03,0.01,0.09,0.04,0.08,0.02,0.13,0.09,0.28,0.37,0.03,0.23,0.08,0.10,0.12
0.15,0.19,0.18,0.03,0.03,0.04,0.32,0.27,0.19,0.29,0.22,0.09,0.25,0.23,0.12
0.12,0.34,0.12,0.01,0.06,0.09,0.17,0.44,0.28,0.26,0.29,0.18,0.56,0.31,0.30
0.21,0.47,0.31,0.20,0.30,0.50,0.20,0.29,0.16,0.22,0.21,0.14,0.42,0.15,0.24
0.34,0.57,0.64,0.48,0.51,0.84,0.44,0.35,0.43,0.32,0.39,0.42,0.31,0.24,0.28
0.08,0.19,0.35,0.37,0.22,0.46,0.34,0.38,0.53,0.45,0.48,0.47,0.56,0.39,0.40
0.02,0.09,0.05,0.22,0.09,0.04,0.06,0.13,0.22,0.13,0.24,0.20,0.25,0.16,0.17
0.03,0.09,0.05,0.07,0.14,0.06,0.13,0.07,0.04,0.14,0.22,0.16,0.22,0.31,0.24
0.11,0.27,0.18,0.17,0.11,0.21,0.10,0.07,0.20,0.26,0.22,0.12,0.15,0.25,0.18
0.18,0.33,0.33,0.21,0.19,0.27,0.15,0.23,0.25,0.33,0.07,0.31,0.18,0.24,0.02
0.11,0.24,0.25,0.09,0.16,0.12,0.21,0.21,0.21,0.45,0.29,0.23,0.31,0.30,0.19
0.05,0.18,0.14,0.04,0.10,0.02,0.07,0.11,0.07,0.28,0.13,0.04,0.20,0.19,0.30
0.02,0.15,0.12,0.03,0.08,0.04,0.11,0.16,0.04,0.08,0.12,0.16,0.09,0.10,0.10
0.10,0.15,0.27,0.14,0.13,0.05,0.33,0.24,0.07,0.09,0.24,0.16,0.08,0.03,0.04
0.16,0.22,0.23,0.35,0.08,0.30,0.51,0.22,0.33,0.19,0.04,0.22,0.37,0.13,0.19
0.08,0.11,0.04,0.37,0.27,0.31,0.33,0.39,0.20,0.51,0.23,0.19,0.55,0.18,0.16
0.20,0.21,0.24,0.35,0.41,0.16,0.28,0.35,0.33,0.29,0.25,0.08,0.20,0.41,0.19
0.19,0.20,0.08,0.31,0.22,0.37,0.44,0.26,0.54,0.27,0.51,0.42,0.40,0.52,0.42
0.13,0.28,0.54,0.30,0.15,0.18,0.28,0.28,0.56,0.22,0.49,0.46,0.43,0.02,0.28
0.34,0.52,0.72,0.36,0.45,0.49,0.57,0.62,0.34,0.40,0.35,0.59,0.45,0.51,0.35
0.20,0.22,0.47,0.30,0.32,0.24,0.58,0.43,0.56,0.40,0.56,0.81,0.62,0.51,0.42
0.38,0.40,0.21,0.38,0.09,0.28,0.29,0.23,0.46,0.12,0.19,0.52,0.33,0.22,0.22
0.38,0.40,0.19,0.35,0.28,0.15,0.47,0.28,0.29,0.36,0.29,0.33,0.41,0.39,0.33
0.44,0.49,0.44,0.37,0.43,0.42,0.19,0.08,0.28,0.28,0.14,0.51,0.44,0.28,0.28
0.62,0.64,0.72,0.66,0.63,0.85,0.43,0.34,0.41,0.30,0.05,0.53,0.36,0.25,0.28
0.32,0.25,0.36,0.32,0.38,0.57,0.27,0.28,0.47,0.40,0.20,0.32,0.33,0.28,0.35
0.29,0.39,0.18,0.35,0.39,0.30,0.41,0.13,0.40,0.16,0.05,0.18,0.26,0.06,0.20
0.27,0.32,0.19,0.41,0.42,0.44,0.60,0.29,0.66,0.60,0.44,0.51,0.64,0.48,0.47
0.18,0.12,0.05,0.26,0.06,0.13,0.21,0.10,0.54,0.63,0.40,0.43,0.50,0.29,0.31
0.24,0.14,0.09,0.25,0.24,0.23,0.09,0.11,0.09,0.26,0.12,0.13,0.07,0.02,0.16
0.10,0.07,0.05,0.30,0.18,0.11,0.13,0.08,0.11,0.14,0.19,0.17,0.19,0.07,0.13
0.36,0.45,0.40,0.46,0.39,0.60,0.31,0.26,0.45,0.16,0.01,0.29,0.29,0.14,0.11
0.34,0.36,0.36,0.33,0.47,0.77,0.61,0.41,0.65,0.51,0.56,0.72,0.48,0.50,0.32
0.07,0.05,0.05,0.03,0.11,0.36,0.31,0.26,0.37,0.59,0.56,0.60,0.29,0.41,0.12
0.04,0.07,0.10,0.06,0.10,0.05,0.06,0.03,0.04,0.24,0.20,0.13,0.06,0.08,0.16
0.01,0.10,0.19,0.11,0.13,0.05,0.08,0.08,0.02,0.11,0.05,0.05,0.03,0.06,0.10
0.17,0.53,0.55,0.40,0.22,0.25,0.15,0.16,0.16,0.16,0.08,0.14,0.21,0.07,0.14
0.10,0.69,0.58,0.37,0.32,0.29,0.33,0.22,0.36,0.21,0.25,0.33,0.38,0.26,0.22
0.26,0.58,0.53,0.20,0.40,0.34,0.28,0.10,0.28,0.21,0.24,0.38,0.23,0.32,0.24
0.47,0.56,0.59,0.44,0.85,0.68,0.40,0.38,0.28,0.18,0.32,0.54,0.33,0.47,0.48
0.29,0.29,0.23,0.17,0.59,0.37,0.41,0.52,0.49,0.39,0.55,0.54,0.65,0.56,0.48
0.06,0.03,0.08,0.26,0.15,0.28,0.11,0.05,0.32,0.21,0.41,0.08,0.33,0.41,0.15
0.07,0.07,0.13,0.09,0.22,0.18,0.12,0.29,0.64,0.24,0.35,0.45,0.52,0.59,0.22
0.20,0.16,0.25,0.27,0.19,0.25,0.10,0.11,0.75,0.25,0.36,0.37,0.57,0.41,0.18
0.30,0.26,0.48,0.46,0.40,0.27,0.06,0.14,0.66,0.27,0.16,0.08,0.20,0.23,0.29
0.09,0.35,0.52,0.19,0.21,0.29,0.23,0.15,0.38,0.16,0.01,0.35,0.36,0.16,0.46
0.75,0.87,0.86,0.57,0.50,0.75,0.21,0.27,0.27,0.08,0.28,0.49,0.22,0.31,0.14
0.75,0.78,0.73,0.60,0.67,0.76,0.70,0.65,0.84,0.61,0.74,0.86,0.71,0.85,0.68
0.20,0.17,0.14,0.12,0.12,0.14,0.48,0.44,0.72,0.78,0.66,0.70,0.79,0.70,0.57
0.13,0.02,0.08,0.11,0.16,0.07,0.08,0.06,0.26,0.34,0.20,0.17,0.31,0.22,0.17
0.18,0.10,0.10,0.06,0.27,0.07,0.10,0.05,0.21,0.14,0.04,0.18,0.24,0.09,0.18
0.25,0.34,0.12,0.24,0.47,0.22,0.08,0.05,0.26,0.07,0.04,0.29,0.16,0.13,0.22
0.16,0.37,0.14,0.30,0.35,0.42,0.22,0.25,0.54,0.40,0.30,0.61,0.21,0.32,0.37
0.05,0.14,0.01,0.11,0.13,0.34,0.16,0.11,0.43,0.32,0.46,0.53,0.33,0.24,0.19
0.08,0.13,0.05,0.02,0.19,0.34,0.11,0.19,0.18,0.03,0.26,0.20,0.21,0.15,0.18
0.08,0.15,0.15,0.02,0.18,0.22,0.20,0.13,0.39,0.15,0.19,0.04,0.12,0.23,0.29
0.30,0.28,0.25,0.07,0.11,0.03,0.15,0.02,0.32,0.31,0.05,0.11,0.04,0.17,0.08
0.24,0.25,0.16,0.23,0.03,0.04,0.33,0.20,0.36,0.34,0.11,0.19,0.20,0.21,0.21
0.11,0.15,0.19,0.24,0.18,0.07,0.26,0.17,0.33,0.22,0.22,0.11,0.26,0.13,0.24
0.20,0.14,0.21,0.08,0.20,0.06,0.10,0.06,0.03,0.14,0.14,0.10,0.12,0.14,0.09
0.18,0.07,0.03,0.08,0.27,0.19,0.06,0.08,0.17,0.18,0.17,0.22,0.07,0.10,0.12
0.33,0.40,0.42,0.43,0.74,0.66,0.31,0.26,0.30,0.38,0.06,0.10,0.10,0.27,0.24
0.34,0.43,0.43,0.50,0.75,0.80,0.68,0.70,0.72,0.91,0.52,0.48,0.53,0.71,0.64
0.06,0.31,0.20,0.26,0.08,0.23,0.31,0.61,0.47,0.89,0.62,0.55,0.75,0.48,0.49
0.23,0.38,0.28,0.23,0.35,0.48,0.17,0.14,0.19,0.27,0.20,0.14,0.30,0.23,0.29
0.11,0.08,0.07,0.13,0.32,0.28,0.11,0.09,0.24,0.26,0.06,0.21,0.25,0.23,0.36
0.15,0.30,0.41,0.31,0.23,0.25,0.10,0.11,0.14,0.27,0.03,0.18,0.20,0.05,0.27
0.13,0.25,0.51,0.30,0.37,0.27,0.25,0.20,0.05,0.10,0.13,0.27,0.23,0.15,0.13
0.06,0.05,0.22,0.21,0.21,0.08,0.08,0.18,0.06,0.06,0.22,0.16,0.24,0.15,0.10
0.06,0.06,0.04,0.27,0.20,0.06,0.27,0.36,0.11,0.08,0.12,0.08,0.06,0.16,0.10
0.14,0.08,0.03,0.13,0.18,0.08,0.29,0.31,0.30,0.21,0.17,0.11,0.04,0.16,0.25
0.17,0.03,0.05,0.04,0.12,0.05,0.05,0.05,0.25,0.12,0.12,0.04,0.06,0.22,0.17
0.10,0.05,0.05,0.03,0.05,0.04,0.22,0.18,0.25,0.28,0.29,0.43,0.44,0.31,0.15
0.04,0.04,0.04,0.03,0.07,0.03,0.27,0.14,0.26,0.37,0.38,0.46,0.56,0.16,0.27
0.08,0.01,0.17,0.18,0.14,0.03,0.16,0.03,0.19,0.20,0.17,0.19,0.21,0.18,0.06
0.10,0.24,0.08,0.12,0.02,0.11,0.12,0.04,0.07,0.12,0.33,0.15,0.10,0.06,0.06
0.36,0.60,0.51,0.59,0.54,0.63,0.26,0.19,0.28,0.18,0.25,0.13,0.16,0.12,0.05
0.40,0.50,0.62,0.58,0.64,0.82,0.54,0.39,0.56,0.28,0.17,0.33,0.22,0.14,0.11
0.04,0.23,0.29,0.05,0.25,0.48,0.20,0.41,0.41,0.35,0.34,0.31,0.37,0.10,0.14
0.20,0.18,0.24,0.21,0.33,0.42,0.09,0.12,0.10,0.13,0.15,0.03,0.40,0.25,0.14
0.15,0.03,0.11,0.09,0.18,0.30,0.17,0.01,0.05,0.08,0.04,0.15,0.16,0.37,0.23
0.05,0.06,0.05,0.06,0.07,0.21,0.24,0.08,0.03,0.05,0.04,0.03,0.03,0.16,0.20
0.04,0.02,0.04,0.05,0.06,0.26,0.23,0.24,0.04,0.02,0.03,0.08,0.10,0.04,0.18
0.04,0.04,0.07,0.01,0.10,0.10,0.10,0.25,0.01,0.04,0.04,0.13,0.07,0.11,0.10
0.07,0.01,0.09,0.04,0.15,0.01,0.15,0.08,0.03,0.00,0.09,0.16,0.07,0.18,0.07
0.01,0.14,0.07,0.04,0.16,0.01,0.12,0.04,0.12,0.07,0.05,0.26,0.31,0.24,0.14
0.10,0.29,0.19,0.15,0.23,0.17,0.09,0.07,0.15,0.05,0.07,0.19,0.28,0.07,0.32
0.18,0.22,0.14,0.28,0.15,0.24,0.26,0.22,0.06,0.04,0.11,0.06,0.07,0.10,0.22
0.11,0.09,0.05,0.18,0.03,0.07,0.22,0.18,0.04,0.01,0.05,0.07,0.08,0.07,0.06
0.02,0.00,0.05,0.04,0.07,0.01,0.07,0.04,0.04,0.03,0.01,0.02,0.01,0.03,0.05
0.03,0.05,0.04,0.03,0.05,0.01,0.05,0.04,0.01,0.01,0.00,0.01,0.01,0.01,0.03
0.02,0.05,0.02,0.03,0.04,0.02,0.01,0.02,0.02,0.01,0.02,0.02,0.01,0.02,0.01
0.04,0.03,0.03,0.02,0.04,0.01,0.02,0.01,0.02,0.02,0.03,0.02,0.02,0.02,0.02
0.02,0.01,0.01,0.05,0.04,0.01,0.02,0.01,0.03,0.01,0.02,0.03,0.01,0.01,0.02
0.01,0.03,0.02,0.03,0.02,0.02,0.01,0.01,0.02,0.02,0.01,0.03,0.01,0.02,0.01
0.01,0.03,0.02,0.02,0.01,0.04,0.02,0.03,0.01,0.02,0.02,0.03,0.01,0.02,0.00
0.00,0.01,0.04,0.01,0.01,0.04,0.03,0.01,0.02,0.02,0.03,0.02,0.02,0.00,0.00
0.01,0.00,0.03,0.02,0.01,0.01,0.03,0.01,0.02,0.02,0.04,0.00,0.01,0.02,0.03
0.01,0.02,0.02,0.01,0.02,0.04,0.04,0.01,0.02,0.01,0.04,0.01,0.02,0.02,0.02
0.02,0.01,0.01,0.00,0.02,0.04,0.04,0.01,0.02,0.02,0.02,0.01,0.01,0.03,0.01
0.00,0.03,0.01,0.02,0.01,0.02,0.02,0.00,0.01,0.05,0.03,0.03,0.01,0.02,0.03
0.02,0.03,0.02,0.01,0.01,0.02,0.01,0.01,0.01,0.05,0.03,0.02,0.02,0.01,0.02
0.02,0.02,0.02,0.00,0.02,0.01,0.02,0.03,0.02,0.03,0.02,0.01,0.02,0.01,0.03
0.04,0.02,0.02,0.01,0.02,0.02,0.03,0.02,0.02,0.02,0.02,0.00,0.02,0.01,0.04
0.03,0.02,0.01,0.01,0.02,0.02,0.03,0.01,0.01,0.03,0.01,0.02,0.03,0.02,0.03
0.01,0.01,0.03,0.01,0.01,0.01,0.02,0.03,0.01,0.02,0.02,0.02,0.02,0.01,0.02
0.02,0.01,0.03,0.02,0.01,0.01,0.02,0.03,0.03,0.01,0.01,0.01,0.01,0.01,0.02
0.02,0.02,0.02,0.02,0.00,0.01,0.03,0.01,0.01,0.01,0.01,0.01,0.01,0.02,0.03
0.02,0.03,0.02,0.03,0.01,0.02,0.03,0.01,0.01,0.02,0.01,0.01,0.01,0.02,0.02
0.03,0.03,0.03,0.03,0.01,0.02,0.02,0.01,0.02,0.03,0.01,0.01,0.01,0.01,0.02
0.02,0.02,0.03,0.02,0.02,0.00,0.02,0.01,0.03,0.02,0.01,0.01,0.01,0.02,0.02
0.01,0.01,0.02,0.01,0.03,0.02,0.02,0.02,0.01,0.02,0.01,0.02,0.02,0.02,0.02
0.02,0.01,0.01,0.02,0.04,0.02,0.01,0.01,0.01,0.01,0.01,0.03,0.04,0.02,0.02
0.02,0.02,0.02,0.03,0.02,0.02,0.00,0.01,0.02,0.01,0.00,0.03,0.04,0.01,0.01
0.02,0.02,0.01,0.01,0.03,0.02,0.01,0.01,0.02,0.02,0.00,0.00,0.02,0.01,0.02
0.01,0.01,0.00,0.02,0.03,0.00,0.00,0.01,0.01,0.02,0.01,0.02,0.04,0.01,0.02
0.01,0.03,0.01,0.04,0.02,0.01,0.02,0.03,0.03,0.01,0.01,0.04,0.02,0.01,0.03
0.02,0.02,0.02,0.03,0.02,0.01,0.02,0.03,0.02,0.02,0.02,0.04,0.01,0.02,0.02
0.01,0.02,0.03,0.02,0.01,0.02,0.03,0.02,0.02,0.01,0.02,0.03,0.01,0.02,0.02
0.01,0.02,0.02,0.01,0.02,0.03,0.03,0.02,0.02,0.02,0.02,0.04,0.01,0.02,0.03
0.01,0.01,0.01,0.02,0.01,0.02,0.04,0.02,0.03,0.01,0.01,0.03,0.02,0.02,0.04
0.03,0.01,0.02,0.03,0.01,0.01,0.00,0.02,0.02,0.01,0.01,0.02,0.03,0.02,0.02
0.04,0.01,0.02,0.02,0.00,0.01,0.02,0.02,0.02,0.01,0.03,0.01,0.01,0.02,0.03
0.03,0.01,0.01,0.02,0.01,0.01,0.02,0.01,0.02,0.01,0.01,0.03,0.04,0.03,0.02
0.02,0.03,0.03,0.03,0.02,0.01,0.02,0.01,0.01,0.03,0.02,0.01,0.04,0.01,0.02
0.01,0.03,0.02,0.01,0.02,0.01,0.00,0.03,0.01,0.04,0.01,0.00,0.00,0.02,0.01
0.02,0.01,0.01,0.01,0.02,0.01,0.01,0.03,0.02,0.02,0.01,0.02,0.01,0.02,0.01
0.02,0.01,0.00,0.02,0.02,0.01,0.01,0.01,0.04,0.00,0.01,0.02,0.02,0.01,0.01
0.01,0.01,0.01,0.01,0.02,0.01,0.01,0.02,0.04,0.00,0.01,0.01,0.02,0.02,0.00
0.02,0.01,0.01,0.01,0.02,0.02,0.03,0.02,0.02,0.01,0.02,0.00,0.01,0.04,0.02
0.01,0.01,0.01,0.01,0.02,0.02,0.04,0.03,0.01,0.01,0.02,0.00,0.01,0.04,0.02
0.01,0.01,0.01,0.02,0.01,0.02,0.02,0.02,0.02,0.01,0.01,0.02,0.03,0.03,0.00
0.01,0.02,0.01,0.03,0.00,0.02,0.01,0.02,0.03,0.02,0.01,0.03,0.02,0.02,0.01
0.02,0.03,0.00,0.02,0.03,0.03,0.01,0.02,0.03,0.03,0.00,0.02,0.01,0.00,0.01
0.02,0.02,0.02,0.00,0.02,0.01,0.01,0.02,0.02,0.02,0.02,0.01,0.01,0.01,0.01
0.00,0.00,0.01,0.00,0.00,0.02,0.02,0.01,0.02,0.00,0.01,0.01,0.01,0.02,0.02
